
This is arc_solver, an interior point solver for nonlinear programming generated by FORCES PRO.
*** THIS IS A BETA VERSION, please report issues to support@embotech.com. ***
Problem size: 50 variables, 32 equality and 100 constraints in 9 stage(s)
(c) embotech GmbH, Zurich, Switzerland, 2013-2017. All rights reserved. Email: info@embotech.com

  It.   objective   res_stat   res_eq   res_ineq    barrier    step_p  step_d  lsit  dw       dc     skips
  --------------------------------------------------------------------------------------------------------
    0  +1.3260e+03  7.48e+00  1.00e-02  0.00e+00  1.0e-01 (A)  0.0000  0.0000   1  1.6e-05  1.6e-05    0
    1  +6.2953e+01  1.64e+02  9.80e-03  0.00e+00  1.5e+03 (A)  0.0204  0.4294   1  2.5e-06  2.5e-06    1
    2  +1.1795e+03  4.28e+01  1.53e-01  0.00e+00  1.6e+03 (A)  0.8099  1.0000   1  2.0e-06  2.0e-06    2
    3  +1.0722e+03  1.02e+01  4.54e-02  0.00e+00  3.1e+02 (M)  1.0000  0.9443   1  1.5e-05  1.5e-05    1
    4  +6.6802e+02  3.10e+01  6.11e-01  0.00e+00  6.5e+01 (M)  1.0000  0.7811   1  5.3e-06  5.3e-06    1
    5  +3.2118e+02  3.55e+01  3.30e-01  0.00e+00  2.2e+01 (M)  1.0000  0.6926   1  3.9e-05  3.9e-05    0
    6  +1.1037e+02  5.01e+01  9.49e-01  0.00e+00  9.2e+00 (M)  1.0000  0.9508   1  2.3e-05  2.3e-05    2
    7  +1.9194e+01  9.84e+01  3.04e+00  0.00e+00  2.1e+00 (M)  1.0000  0.7793   1  5.0e-05  5.0e-05    2
    8  +2.0472e+01  4.93e+01  3.28e+00  0.00e+00  5.0e-01 (A)  1.0000  0.5629   1  2.9e-05  2.9e-05    1
    9  +1.0575e+01  1.40e+01  1.17e+00  0.00e+00  1.8e+00 (M)  1.0000  0.9845   1  7.6e-05  7.6e-05    0
   10  +8.3796e+00  7.30e+00  1.07e+00  0.00e+00  3.7e-01 (A)  1.0000  0.8324   1  2.1e-05  2.1e-05    0
   11  +2.7197e+00  3.51e+00  4.56e-01  0.00e+00  9.7e-02 (A)  1.0000  0.6840   1  6.9e-06  6.9e-06    0
   12  +1.9572e+00  1.01e+00  1.83e-01  0.00e+00  6.5e-02 (A)  1.0000  0.8360   1  4.9e-06  4.9e-06    0
   13  +1.7645e+00  4.03e-01  4.57e-03  0.00e+00  7.5e-02 (M)  1.0000  1.0000   1  5.4e-06  5.4e-06    0
   14  +1.6239e+00  3.26e-01  5.83e-03  0.00e+00  2.0e-07 (A)  1.0000  0.8132   1  1.2e-09  1.2e-09    1
   15  +1.6004e+00  1.45e-01  1.06e-03  0.00e+00  1.1e-02 (A)  1.0000  1.0000   1  6.6e-07  6.6e-07    0
   16  +1.5667e+00  1.66e-01  2.49e-03  0.00e+00  2.0e-07 (A)  1.0000  0.8508   1  1.2e-09  1.2e-09    0
   17  +1.5592e+00  7.27e-02  4.38e-03  0.00e+00  1.3e-03 (A)  1.0000  1.0000   1  1.9e-07  1.9e-07    0
   18  +1.5477e+00  4.13e-02  9.23e-03  0.00e+00  2.0e-07 (A)  0.9840  0.8359   1  1.2e-09  1.2e-09    0
   19  +1.5426e+00  5.35e-02  9.54e-03  0.00e+00  1.7e-04 (A)  1.0000  1.0000   1  3.6e-08  3.6e-08    0
   20  +1.5397e+00  5.32e-02  6.35e-03  0.00e+00  2.0e-07 (A)  0.9877  0.8087   1  1.2e-09  1.2e-09    0
   21  +1.5391e+00  1.93e-02  6.37e-04  0.00e+00  2.5e-05 (A)  1.0000  1.0000   1  8.5e-09  8.5e-09    0
   22  +1.5388e+00  9.49e-03  9.72e-05  0.00e+00  2.0e-07 (A)  0.9830  0.9775   1  1.2e-09  1.2e-09    0
   23  +1.5386e+00  5.40e-03  4.58e-05  0.00e+00  6.0e-07 (A)  1.0000  1.0000   1  1.4e-09  1.4e-09    0
   24  +1.5384e+00  8.37e-03  1.43e-04  0.00e+00  2.0e-07 (A)  1.0000  1.0000   1  1.2e-09  1.2e-09    0
   25  +1.5382e+00  1.25e-02  1.55e-04  0.00e+00  2.0e-07 (A)  1.0000  1.0000   1  1.1e-09  1.1e-09    0
   26  +1.5381e+00  1.04e-02  6.94e-05  0.00e+00  2.0e-07 (A)  1.0000  1.0000   1  1.1e-09  1.1e-09    0
   27  +1.5381e+00  5.76e-03  1.67e-05  0.00e+00  2.0e-07 (M)  1.0000  1.0000   1  1.1e-09  1.1e-09    0
   28  +1.5381e+00  3.86e-03  1.38e-06  0.00e+00  2.0e-07 (A)  1.0000  1.0000   1  1.1e-09  1.1e-09    0
   29  +1.5381e+00  1.50e-03  6.06e-07  0.00e+00  2.0e-07 (A)  1.0000  1.0000   1  1.1e-09  1.1e-09    0
   30  +1.5381e+00  3.40e-04  2.17e-07  0.00e+00  2.0e-07 (A)  1.0000  1.0000   1  1.1e-09  1.1e-09    0
   31  +1.5381e+00  6.07e-05  5.05e-08  0.00e+00  2.0e-07 (A)  1.0000  1.0000   1  1.1e-09  1.1e-09    0
   32  +1.5381e+00  7.52e-06  2.90e-09  0.00e+00  2.0e-07 (A)  1.0000  1.0000   1  1.0e-09  1.0e-09    0

OPTIMAL (within EQTOL=1.0e-06, STATTOL=1.0e-05, COMPTOL=1.0e-06).
Solve time: 0.593 ms (32 iterations)

