-0.0206516 0.00298315
0.111387 0.00628673
0.225392 -0.000406282
0.35773 0.00291524
0.479617 0.00510962
0.607281 0.00785056
0.725068 0.0116025
0.846578 0.0150766
0.874604 0.0221656
0.993191 0.0242624
1.10403 0.0252938
1.16717 0.0231666
1.27877 0.0248447
1.39151 0.0257901
1.57584 0.0325273
1.72977 0.0450566
1.82846 0.0464622
1.92436 0.0510064
2.01271 0.0544971
2.09683 0.0566326
2.1808 0.0579576
2.30505 0.0625974
2.38621 0.0623514
2.53177 0.067267
2.60423 0.0702059
2.67321 0.0709332
2.79092 0.0758829
2.85682 0.0762251
2.96715 0.0774262
3.02015 0.0806022
3.12127 0.0833553
3.16882 0.0856034
3.21159 0.0872651
3.2535 0.0866708
3.29429 0.0865099
3.33097 0.0879064
3.3951 0.0926508
3.42324 0.0912311
3.4505 0.0909615
3.49902 0.0937686
3.53505 0.0944245
3.5471 0.0939444
3.5599 0.0942109
3.57665 0.0956151
3.54789 0.0973982
3.54341 0.0969293
3.54178 0.0973328
3.54099 0.0987882
3.54301 0.0986084
3.53999 0.0988282
3.59695 0.0879153
3.59891 0.088534
3.59832 0.0882985
3.59725 0.0878334
3.59754 0.0879512
3.59633 0.0881789
3.59916 0.0877474
3.61222 0.0871275
3.61173 0.0869978
3.61213 0.0869219
3.61143 0.0869798
3.61142 0.0871795
3.61125 0.0866684
3.61152 0.0870856
3.61111 0.0872614
3.6114 0.0874789
3.61132 0.0871735
3.61143 0.0869798
3.61122 0.0871675
3.61181 0.0873032
3.61133 0.0869739
3.6116 0.0873911
3.61152 0.0870856
3.61142 0.0871795
3.61121 0.0872673
3.61123 0.0869679
3.61125 0.0866684
3.61089 0.0875489
3.61132 0.0871735
3.611 0.0873552
3.61073 0.086938
3.61072 0.0871376
3.61102 0.0871556
3.61063 0.0868322
3.61059 0.0875309
3.61062 0.0870318
3.61161 0.0872913
3.61091 0.0872494
3.61082 0.0871436
3.6116 0.0874909
3.61103 0.0868561
3.61084 0.0867443
3.61091 0.0872494
3.6111 0.087461
3.61132 0.0871735
3.6108 0.0873432
3.61043 0.08692
3.61109 0.0875608
3.61133 0.086874
3.61102 0.0871556
3.6113 0.0873731
3.61088 0.0877485
3.61101 0.0872554
