-0.0181876 0.208162
0.768495 0.0736967
1.55465 -0.0636414
2.33949 -0.207671
3.12209 -0.362361
3.90151 -0.531123
4.67694 -0.716443
5.44769 -0.919935
6.21323 -1.14242
6.97328 -1.38388
7.7278 -1.64342
8.47709 -1.91936
9.22167 -2.2094
9.96223 -2.51099
10.6995 -2.82157
11.4343 -3.1389
12.1671 -3.46106
12.8985 -3.78661
13.6287 -4.11457
14.358 -4.44434
15.0866 -4.77552
15.8146 -5.10773
16.5422 -5.44062
17.2696 -5.77378
17.9969 -6.10689
18.7244 -6.43967
19.452 -6.772
20.1797 -7.10386
20.9077 -7.43529
21.6358 -7.76638
22.364 -8.09726
23.0923 -8.42802
