6.94002e-310 4.34778e-322
6.95258e-310 6.95258e-310
6.94001e-310 6.95258e-310
6.94001e-310 6.95258e-310
6.95258e-310 6.95258e-310
0 1.93102e-312
6.94002e-310 4.00193e-322
6.94002e-310 1.13409e-316
2.47033e-322 6.95258e-310
6.95258e-310 6.95258e-310
6.95258e-310 6.95258e-310
6.94002e-310 6.95258e-310
6.94002e-310 1.13414e-316
6.94002e-310 6.94002e-310
3.84161e-317 0
2.122e-314 2.122e-314
6.94002e-310 0
6.94002e-310 1.1341e-316
2.07646e-317 2.122e-314
6.95258e-310 6.94001e-310
