0.0384801 -0.00458619 0
0.0387396 -0.00384772 0
0.0385716 -0.00439558 0
0.038762 -0.00404884 0
0.0386598 -0.00406625 0
0.0385042 -0.0045329 0
0.03863 -0.00421399 0
0.0395915 -0.00306599 0
0.0385832 -0.00414626 0
0.0387099 -0.00422975 0
0.0386332 -0.00453502 0
0.0388143 -0.00386818 0
0.0395527 -0.00338477 0
0.0395793 -0.00311848 0
0.03882 -0.00376517 0
0.0384347 -0.0042901 0
0.0387573 -0.00379711 0
0.0386939 -0.00415263 0
0.038777 -0.00389846 0
0.038801 -0.00382149 0
0.0388476 -0.00401051 0
0.0382514 -0.00523687 0
0.0385822 -0.00472047 0
0.0394711 -0.00339447 0
0.038398 -0.00470756 0
0.0385338 -0.00452817 0
0.0383805 -0.00474387 0
0.0384171 -0.00464117 0
0.0384082 -0.00453517 0
0.0384153 -0.00465763 0
0.0383917 -0.00501495 0
0.038385 -0.00463313 0
0.0383468 -0.00477184 0
0.0385161 -0.00455 0
0.0383767 -0.00468508 0
0.0388086 -0.00611052 0
0.0389895 -0.00754701 0
0.03919 -0.0284094 0
0.0405417 -0.208452 0.006
0.0461268 -0.447112 0.006
0.0459095 -0.656766 1.3865
0.0506436 -0.909294 1.6755
0.0556417 -1.24502 1.864
0.057446 -1.5233 1.9655
0.0607705 -1.79859 1.9655
0.0635296 -2.17865 2.033
0.0683319 -2.46041 2.059
0.0727823 -2.7491 2.059
0.0765023 -3.11369 2.0625
0.0805709 -3.40452 2.066
0.0861486 -3.78188 2.066
0.0861169 -4.0679 2.1005
0.0909971 -4.65427 2.1205
0.0935957 -5.05742 2.166
0.0961003 -5.35703 2.19
0.0984214 -5.67152 2.203
0.0999397 -6.08686 2.2595
0.102492 -6.39879 2.3065
0.103354 -6.71408 2.3325
0.106612 -7.14661 2.358
0.108113 -7.46378 2.3885
0.107983 -7.81591 2.3885
0.115711 -8.25417 2.4445
0.117806 -8.57824 2.4995
0.112147 -9.05522 2.556
0.126959 -9.52099 2.6205
0.125805 -10.1364 2.65
0.125728 -10.6437 2.6995
0.124981 -11.0162 2.7465
0.123707 -11.5039 2.7665
0.120794 -12.0199 2.7965
0.120357 -12.6663 2.8435
0.119684 -13.2002 2.869
0.110113 -13.6119 2.887
0.107966 -14.1366 2.9005
0.105582 -14.5397 2.907
0.096759 -15.0775 2.9575
0.0949676 -15.4991 2.978
0.0841844 -15.9274 2.9865
0.0797055 -16.3505 3.0235
0.0640052 -17.1948 3.0535
0.0622707 -17.4827 3.0675
0.0574037 -17.7604 3.0675
0.0544752 -18.188 3.077
0.0470708 -18.6109 3.0985
0.0400627 -19.0519 3.1125
0.0261696 -19.6505 3.1435
0.0168195 -20.2347 3.158
0.00655481 -20.8347 3.1825
-0.00656105 -21.4394 3.2295
-0.0158504 -21.8987 3.248
-0.022496 -22.2029 3.2535
-0.0359849 -22.9296 3.288
-0.053714 -23.5453 3.308
-0.0664964 -24.1666 3.324
-0.0813362 -24.8024 3.344
-0.0956543 -25.2749 3.385
-0.119664 -26.2326 3.4
-0.131226 -26.7091 3.4205
-0.143264 -27.3466 3.4555
-0.162215 -27.9942 3.461
-0.179436 -28.4753 3.469
-0.206563 -29.2877 3.489
-0.214147 -29.615 3.499
-0.232754 -30.1079 3.511
-0.250494 -30.5928 3.511
-0.276552 -31.2604 3.511
-0.294953 -31.7543 3.527
-0.306944 -32.0861 3.525
-0.320538 -32.4151 3.525
-0.369654 -32.7938 3.5335
-0.402884 -33.6349 3.548
-0.436406 -34.4841 3.5705
-0.465977 -35.1628 3.611
-0.494668 -35.8371 3.6345
-0.52146 -36.5202 3.6625
-0.553104 -37.2082 3.6935
-0.581209 -37.8956 3.7025
-0.61582 -38.4081 3.718
-0.660103 -39.277 3.734
-0.692755 -39.9743 3.7385
-0.736626 -40.6763 3.743
-0.793261 -41.1623 3.75
-0.861186 -41.8214 3.757
-0.936121 -42.458 3.785
-1.07172 -43.0093 3.785
-1.12052 -43.3875 3.8035
-1.16497 -44.2089 3.8445
-1.18441 -44.892 3.8515
-1.30312 -45.4418 3.8885
-1.38058 -46.2164 3.946
-1.42194 -46.6594 3.987
-1.48824 -47.4437 4.027
-1.50009 -48.1116 4.067
-1.57773 -48.7137 4.102
-1.52703 -49.4889 4.1215
-1.59555 -50.0128 4.119
-1.57046 -50.5152 4.108
-1.57639 -51.108 4.0855
-1.57646 -51.7607 4.0345
-1.50524 -52.3994 3.992
-1.35017 -52.7353 3.946
-1.41586 -53.4008 3.901
-1.37801 -53.843 3.901
-1.29646 -54.3787 3.8205
-1.33148 -54.9755 3.79
-1.30735 -55.5635 3.762
-1.30846 -56.1274 3.7525
-1.31385 -56.7024 3.6915
-1.28477 -57.0718 3.641
-1.27207 -57.5916 3.6025
-1.27175 -58.2692 3.5605
-1.27062 -58.8062 3.519
-1.26788 -59.2917 3.477
-1.2621 -59.7078 3.4285
-1.20295 -60.2868 3.3755
-1.20352 -60.744 3.357
-1.16838 -61.2477 3.3515
-1.15852 -61.7796 3.3205
-1.1431 -62.3851 3.313
-1.1229 -62.7654 3.3155
-1.11272 -63.0448 3.3115
-1.10599 -63.5177 3.3065
-1.09253 -63.8042 3.3045
-1.08565 -64.4565 3.3045
-1.05693 -65.1476 3.299
-1.03814 -65.6145 3.2935
-1.01659 -66.2142 3.2935
-0.995003 -66.7263 3.2935
-0.968251 -67.3458 3.2865
-0.934621 -67.9354 3.276
-0.8976 -68.7179 3.2585
-0.867346 -69.1262 3.262
-0.836831 -69.5974 3.257
-0.781064 -70.2616 3.255
-0.783368 -70.5953 3.2445
-0.724712 -71.302 3.238
-0.717121 -71.83 3.226
-0.700529 -72.132 3.2155
-0.671664 -72.6207 3.2125
-0.640574 -73.2141 3.2125
-0.606165 -73.8094 3.2125
-0.57591 -74.3854 3.2055
-0.535216 -74.9795 3.204
-0.496922 -75.5803 3.209
-0.456855 -76.0557 3.182
-0.43841 -76.3588 3.179
-0.399874 -76.9472 3.166
-0.337055 -77.8244 3.143
-0.295814 -78.4105 3.1335
-0.249241 -78.9875 3.1125
-0.186648 -79.7078 3.086
-0.145848 -80.161 3.0655
-0.115577 -80.616 3.058
-0.0674869 -81.1374 3.046
-0.00925379 -81.6709 3.01
0.0125696 -81.9482 2.9905
0.0898773 -82.4376 2.982
0.0464055 -82.764 2.975
-0.0280967 -83.3211 2.962
-0.0168874 -83.9653 2.938
-0.0219199 -84.4369 2.903
-0.0376426 -84.8852 2.887
-0.0194263 -85.2696 2.8715
-0.0037805 -85.7842 2.865
-0.00695239 -86.2366 2.8445
-0.0591178 -86.6926 2.833
-0.127192 -87.1937 2.8165
-0.226793 -87.7203 2.816
-0.339664 -88.2111 2.809
-0.487084 -88.7316 2.8035
-0.600762 -89.0651 2.7905
-0.810424 -89.6015 2.7635
-0.977928 -90.0061 2.686
-1.0889 -90.2371 2.653
-1.37649 -90.7981 2.594
-1.55654 -91.1168 2.571
-1.65709 -91.2941 2.547
-1.74475 -91.4447 2.52
-1.84337 -91.6721 2.513
-1.91501 -91.773 2.507
-2.06961 -91.9638 2.5115
-2.39714 -92.3428 2.516
-2.72261 -92.6701 2.4965
-2.92448 -92.9083 2.497
-3.18327 -93.1765 2.495
-3.46397 -93.4119 2.495
-3.80564 -93.6791 2.489
-4.1636 -93.9784 2.487
-4.43906 -94.1824 2.4925
-4.74562 -94.4043 2.502
-5.05419 -94.6449 2.503
-5.60275 -95.0347 2.494
-5.97768 -95.3102 2.5045
-6.3582 -95.5987 2.527
-6.66193 -95.8273 2.5405
-6.94407 -96.0436 2.533
-7.41499 -96.4036 2.54
-7.79121 -96.7014 2.5425
-8.36201 -97.157 2.5475
-8.73405 -97.462 2.5485
-8.91842 -97.619 2.5495
-9.10285 -97.7816 2.5535
-9.4496 -98.1145 2.531
-9.61605 -98.2843 2.5185
-9.92754 -98.6385 2.504
-10.0816 -98.8258 2.4985
-10.308 -99.0975 2.4825
-10.5889 -99.4335 2.466
-10.9313 -99.9074 2.464
-11.1219 -100.197 2.454
-11.37 -100.593 2.456
-11.6037 -100.998 2.456
-11.8289 -101.416 2.47
-12.0414 -101.844 2.487
-12.2437 -102.281 2.525
-12.4347 -102.684 2.5965
-12.6196 -103.137 2.605
-12.7845 -103.575 2.6355
-12.9837 -104.179 2.6355
-13.0929 -104.542 2.7
-13.159 -104.797 2.7355
-13.2537 -105.183 2.751
-13.3796 -105.823 2.7715
-13.4486 -106.166 2.7855
-13.5181 -106.725 2.801
-13.5592 -107.253 2.8245
-13.5784 -107.656 2.832
-13.5944 -108.333 2.8345
-13.6731 -108.54 2.8465
-13.5868 -109.237 2.848
-13.5387 -109.77 2.8495
-13.4735 -110.182 2.8495
-13.3873 -110.709 2.864
-13.3329 -110.969 2.864
-13.1819 -111.622 2.8565
-13.0335 -112.146 2.8435
-12.9068 -112.531 2.8435
-12.7717 -112.913 2.84
-12.5783 -113.422 2.8375
-12.3626 -113.921 2.8265
-12.1872 -114.335 2.8145
-11.933 -114.805 2.795
-11.7399 -115.151 2.7895
-11.5354 -115.498 2.7865
-11.1661 -116.048 2.7865
-10.8601 -116.482 2.784
-10.5412 -116.902 2.7755
-10.2195 -117.321 2.768
-9.82989 -117.83 2.753
-9.57512 -118.148 2.7455
-9.19477 -118.642 2.7445
-8.87472 -119.045 2.7445
-8.6369 -119.349 2.7345
-8.42387 -119.637 2.7395
-8.26857 -119.846 2.7465
-8.11858 -120.054 2.7465
-7.87982 -120.423 2.7815
-7.50483 -120.956 2.7905
-7.3169 -121.242 2.799
-7.01027 -121.752 2.828
-6.74702 -122.221 2.897
-6.49303 -122.697 2.922
-6.25835 -123.209 2.9585
-6.09328 -123.595 2.9665
-5.93442 -124.006 3.0025
-5.88121 -124.143 3.0265
-5.67387 -124.8 3.074
-5.5511 -125.207 3.0895
-5.40008 -125.766 3.1285
-5.25737 -126.348 3.1645
-5.13353 -126.941 3.1865
-5.02575 -127.533 3.213
-4.94056 -128.147 3.237
-4.88634 -128.601 3.2765
-4.82695 -129.361 3.302
-4.79145 -130.151 3.318
-4.78991 -130.77 3.3255
-4.7911 -131.398 3.334
-4.7919 -131.873 3.335
-4.77449 -132.388 3.3225
-4.7899 -132.936 3.3205
-4.79451 -133.094 3.3055
-4.81864 -133.719 3.276
-4.81019 -134.232 3.2595
-4.87299 -134.995 3.251
-4.92072 -135.441 3.234
-4.96996 -135.897 3.2285
-5.03305 -136.349 3.2215
-5.08282 -136.801 3.221
-5.16376 -137.528 3.221
-5.22199 -138.145 3.221
-5.29213 -138.554 3.2175
-5.39156 -139.303 3.226
-5.49606 -139.919 3.245
-5.58071 -140.64 3.257
-5.62605 -141.099 3.299
-5.68646 -141.49 3.3115
-5.73996 -142.101 3.326
-5.78043 -142.571 3.3405
-5.79342 -142.73 3.355
-5.83298 -143.57 3.355
-5.86091 -144.043 3.385
-5.88624 -144.692 3.396
-5.88778 -145.176 3.4095
-5.93032 -145.801 3.417
-5.92217 -146.28 3.427
-5.93565 -146.924 3.4305
-5.94869 -147.578 3.4325
-5.91853 -148.154 3.438
-5.93396 -148.647 3.44
-5.94795 -149.404 3.44
-5.96726 -150.03 3.4285
-5.98642 -150.661 3.421
-5.99903 -150.98 3.417
-6.06171 -151.651 3.392
-6.09145 -152.447 3.335
-6.1169 -153.069 3.288
-6.14529 -153.693 3.2275
-6.16128 -154.176 3.206
-6.18612 -154.775 3.1675
-6.21807 -155.282 3.092
-6.23795 -155.858 3.058
-6.2585 -156.693 2.8945
-6.26778 -157.057 2.7715
-6.28848 -157.689 2.693
-6.29686 -158.043 2.4345
-6.30427 -158.376 2.3765
-6.30499 -158.757 2.1685
-6.31507 -159.142 2.0205
-6.31512 -159.393 1.8985
-6.32447 -159.782 1.7595
-6.32686 -159.985 1.5345
-6.3328 -160.263 1.4065
-6.33178 -160.443 1.272
-6.33185 -160.586 1.1305
-6.33153 -160.694 1.0475
-6.33223 -160.76 0.9645
-6.33317 -160.857 0.8645
-6.33498 -160.961 0.8645
-6.33512 -161.041 0.77
-6.33508 -161.114 0.691
-6.33554 -161.179 0.691
-6.3369 -161.232 0.691
-6.33468 -161.274 0.691
-6.33596 -161.326 0.6505
-6.33757 -161.353 0.6505
-6.33717 -161.384 0.6505
-6.33713 -161.397 0.2515
-6.33756 -161.401 0.2515
-6.33719 -161.401 0.2515
-6.33686 -161.401 0.2515
-6.33745 -161.401 0
-6.33712 -161.401 0
-6.33699 -161.401 0
-6.33717 -161.402 0
-6.33708 -161.401 0
-6.33703 -161.401 0
-6.33708 -161.401 0
-6.33722 -161.401 0
-6.33753 -161.401 0
-6.33721 -161.401 0
-6.33725 -161.401 0
-6.33698 -161.401 0
-6.33719 -161.401 0
-6.3372 -161.401 0
-6.33735 -161.402 0
-6.33736 -161.401 0
-6.33722 -161.401 0
-6.33757 -161.401 0
-6.33703 -161.401 0
-6.33731 -161.401 0
-6.33751 -161.401 0
-6.33763 -161.401 0
-6.33783 -161.401 0
-6.33775 -161.401 0
-6.33726 -161.401 0
-6.33788 -161.401 0
-6.33761 -161.401 0
-6.33761 -161.401 0
-6.33731 -161.401 0
-6.33752 -161.401 0
-6.3373 -161.401 0
-6.33725 -161.401 0
-6.33752 -161.401 0
-6.33713 -161.401 0
-6.33707 -161.401 0
-6.33734 -161.401 0
-6.33728 -161.401 0
-6.33732 -161.401 0
-6.33668 -161.4 0
-6.33713 -161.401 0
-6.33694 -161.401 0
-6.3375 -161.401 0
-6.3375 -161.401 0
-6.337 -161.401 0
-6.337 -161.401 0
